{
    "center": [
        0.005857465680751244,
        0.26450041295679033,
        0.28608577060760293
    ],
    "extents": [
        0.6860824951981221,
        0.8304681042019715,
        1.4456133981332722
    ],
    "scale": [
        0.08,
        0.08,
        0.08
    ],
    "transform_matrix": [
        [
            1.0,
            0.0,
            0.0,
            0.0
        ],
        [
            0.0,
            1.0,
            0.0,
            0.0
        ],
        [
            0.0,
            0.0,
            1.0,
            0.0
        ],
        [
            0.0,
            0.0,
            0.0,
            1.0
        ]
    ],
    "target_pose": [],
    "contact_points_pose": [
        [
            [
                0.020519999787211418,
                -0.9997900128364563,
                0.0017600000137463212,
                -0.005169999785721302
            ],
            [
                0.03683999925851822,
                0.002520000096410513,
                0.9993199706077576,
                0.19627000391483307
            ],
            [
                -0.9991099834442139,
                -0.02043999917805195,
                0.0368800014257431,
                -0.2440900057554245
            ],
            [
                0.0,
                0.0,
                0.0,
                1.0
            ]
        ],
        [
            [
                0.021870000287890434,
                0.9997599720954895,
                -0.0024800000246614218,
                -0.006140000186860561
            ],
            [
                -0.006169999949634075,
                -0.0023399998899549246,
                -0.9999799728393555,
                0.19648000597953796
            ],
            [
                -0.9997400045394897,
                0.021880000829696655,
                0.00610999995842576,
                0.2985999882221222
            ],
            [
                0.0,
                0.0,
                0.0,
                1.0
            ]
        ],
        [
            [
                0.020519999787211418,
                -0.7057099938392639,
                0.7081999778747559,
                -0.005169999785721302
            ],
            [
                0.03683999925851822,
                0.7084000110626221,
                0.7048400044441223,
                0.19627000391483307
            ],
            [
                -0.9991099834442139,
                0.011629999615252018,
                0.0405299998819828,
                -0.2440900057554245
            ],
            [
                0.0,
                0.0,
                0.0,
                1.0
            ]
        ],
        [
            [
                0.020519999787211418,
                0.0017600000137463212,
                0.9997900128364563,
                -0.005169999785721302
            ],
            [
                0.03683999925851822,
                0.9993199706077576,
                -0.002520000096410513,
                0.19627000391483307
            ],
            [
                -0.9991099834442139,
                0.0368800014257431,
                0.02043999917805195,
                -0.2440900057554245
            ],
            [
                0.0,
                0.0,
                0.0,
                1.0
            ]
        ],
        [
            [
                0.020519999787211418,
                0.7081999778747559,
                0.7057099938392639,
                -0.005169999785721302
            ],
            [
                0.03683999925851822,
                0.7048400044441223,
                -0.7084100246429443,
                0.19627000391483307
            ],
            [
                -0.9991099834442139,
                0.0405299998819828,
                -0.011629999615252018,
                -0.2440900057554245
            ],
            [
                0.0,
                0.0,
                0.0,
                1.0
            ]
        ],
        [
            [
                0.020519999787211418,
                0.9997900128364563,
                -0.0017600000137463212,
                -0.005169999785721302
            ],
            [
                0.03683999925851822,
                -0.002520000096410513,
                -0.9993199706077576,
                0.19627000391483307
            ],
            [
                -0.9991099834442139,
                0.02043999917805195,
                -0.0368800014257431,
                -0.2440900057554245
            ],
            [
                0.0,
                0.0,
                0.0,
                1.0
            ]
        ],
        [
            [
                0.020519999787211418,
                0.7057099938392639,
                -0.7081999778747559,
                -0.005169999785721302
            ],
            [
                0.03683999925851822,
                -0.7084000110626221,
                -0.7048400044441223,
                0.19627000391483307
            ],
            [
                -0.9991099834442139,
                -0.011629999615252018,
                -0.0405299998819828,
                -0.2440900057554245
            ],
            [
                0.0,
                0.0,
                0.0,
                1.0
            ]
        ],
        [
            [
                0.020519999787211418,
                -0.0017600000137463212,
                -0.9997900128364563,
                -0.005169999785721302
            ],
            [
                0.03683999925851822,
                -0.9993199706077576,
                0.002520000096410513,
                0.19627000391483307
            ],
            [
                -0.9991099834442139,
                -0.0368800014257431,
                -0.02043999917805195,
                -0.2440900057554245
            ],
            [
                0.0,
                0.0,
                0.0,
                1.0
            ]
        ],
        [
            [
                0.020519999787211418,
                -0.7081999778747559,
                -0.7057099938392639,
                -0.005169999785721302
            ],
            [
                0.03683999925851822,
                -0.7048400044441223,
                0.7084000110626221,
                0.19627000391483307
            ],
            [
                -0.9991099834442139,
                -0.0405299998819828,
                0.011629999615252018,
                -0.2440900057554245
            ],
            [
                0.0,
                0.0,
                0.0,
                1.0
            ]
        ],
        [
            [
                0.021870000287890434,
                0.7051799893379211,
                -0.7086899876594543,
                -0.006140000186860561
            ],
            [
                -0.006169999949634075,
                -0.7087500095367432,
                -0.7054399847984314,
                0.19648000597953796
            ],
            [
                -0.9997400045394897,
                0.01979999989271164,
                -0.011149999685585499,
                0.2985999882221222
            ],
            [
                0.0,
                0.0,
                0.0,
                1.0
            ]
        ],
        [
            [
                0.021870000287890434,
                -0.0024800000246614218,
                -0.9997599720954895,
                -0.006140000186860561
            ],
            [
                -0.006169999949634075,
                -0.9999799728393555,
                0.0023399998899549246,
                0.19648000597953796
            ],
            [
                -0.9997400045394897,
                0.00610999995842576,
                -0.021880000829696655,
                0.2985999882221222
            ],
            [
                0.0,
                0.0,
                0.0,
                1.0
            ]
        ],
        [
            [
                0.021870000287890434,
                -0.7086899876594543,
                -0.7051799893379211,
                -0.006140000186860561
            ],
            [
                -0.006169999949634075,
                -0.7054299712181091,
                0.7087500095367432,
                0.19648000597953796
            ],
            [
                -0.9997400045394897,
                -0.011149999685585499,
                -0.01979999989271164,
                0.2985999882221222
            ],
            [
                0.0,
                0.0,
                0.0,
                1.0
            ]
        ],
        [
            [
                0.021870000287890434,
                -0.9997599720954895,
                0.0024800000246614218,
                -0.006140000186860561
            ],
            [
                -0.006169999949634075,
                0.0023399998899549246,
                0.9999799728393555,
                0.19648000597953796
            ],
            [
                -0.9997400045394897,
                -0.021880000829696655,
                -0.00610999995842576,
                0.2985999882221222
            ],
            [
                0.0,
                0.0,
                0.0,
                1.0
            ]
        ],
        [
            [
                0.021870000287890434,
                -0.7051799893379211,
                0.7086899876594543,
                -0.006140000186860561
            ],
            [
                -0.006169999949634075,
                0.7087500095367432,
                0.7054299712181091,
                0.19648000597953796
            ],
            [
                -0.9997400045394897,
                -0.01979999989271164,
                0.011149999685585499,
                0.2985999882221222
            ],
            [
                0.0,
                0.0,
                0.0,
                1.0
            ]
        ],
        [
            [
                0.021870000287890434,
                0.0024800000246614218,
                0.9997599720954895,
                -0.006140000186860561
            ],
            [
                -0.006169999949634075,
                0.9999799728393555,
                -0.0023399998899549246,
                0.19648000597953796
            ],
            [
                -0.9997400045394897,
                -0.00610999995842576,
                0.021880000829696655,
                0.2985999882221222
            ],
            [
                0.0,
                0.0,
                0.0,
                1.0
            ]
        ],
        [
            [
                0.021870000287890434,
                0.7086899876594543,
                0.7051799893379211,
                -0.006140000186860561
            ],
            [
                -0.006169999949634075,
                0.7054299712181091,
                -0.7087500095367432,
                0.19648000597953796
            ],
            [
                -0.9997400045394897,
                0.011149999685585499,
                0.01979999989271164,
                0.2985999882221222
            ],
            [
                0.0,
                0.0,
                0.0,
                1.0
            ]
        ]
    ],
    "functional_matrix": [
        [
            [
                1.0,
                0.0,
                0.0,
                0.0
            ],
            [
                0.0,
                1.0,
                -0.0,
                0.20747999846935272
            ],
            [
                0.0,
                0.0,
                1.0,
                0.9651600122451782
            ],
            [
                0.0,
                0.0,
                0.0,
                1.0
            ]
        ]
    ],
    "orientation_point": [],
    "contact_points_group": [
        [
            0,
            2,
            3,
            4,
            5,
            6,
            7,
            8
        ],
        [
            1,
            9,
            10,
            11,
            12,
            13,
            14,
            15
        ]
    ],
    "contact_points_mask": [
        true,
        true
    ],
    "target_point_discription": [],
    "contact_points_discription": [],
    "functional_point_discription": [],
    "orientation_point_discription": [],
    "stable": false
}