{
    "center": [
        1.4248501920097347e-05,
        0.9509158813281994,
        -0.0001760905405233763
    ],
    "extents": [
        1.909066968183332,
        1.9340804438586383,
        1.9088950356627905
    ],
    "scale": [
        0.06,
        0.06,
        0.06
    ],
    "transform_matrix": [
        [
            1.0,
            0.0,
            0.0,
            0.0
        ],
        [
            0.0,
            1.0,
            0.0,
            0.0
        ],
        [
            0.0,
            0.0,
            1.0,
            0.0
        ],
        [
            0.0,
            0.0,
            0.0,
            1.0
        ]
    ],
    "target_pose": [],
    "contact_points_pose": [
        [
            [
                -0.0,
                -0.0,
                -1.0,
                0.0
            ],
            [
                1.0,
                -0.0,
                -0.0,
                1.1220899820327759
            ],
            [
                -0.0,
                -1.0,
                0.0,
                -0.0
            ],
            [
                0.0,
                0.0,
                0.0,
                1.0
            ]
        ],
        [
            [
                0.0,
                -0.6000000238418579,
                0.800000011920929,
                0.0
            ],
            [
                1.0,
                0.0,
                0.0,
                1.1220899820327759
            ],
            [
                -0.0,
                0.800000011920929,
                0.6000000238418579,
                -0.0
            ],
            [
                0.0,
                0.0,
                0.0,
                1.0
            ]
        ],
        [
            [
                -0.0,
                0.14142000675201416,
                0.9899500012397766,
                0.0
            ],
            [
                1.0,
                0.0,
                -0.0,
                1.1220899820327759
            ],
            [
                -0.0,
                0.9899500012397766,
                -0.14142000675201416,
                -0.0
            ],
            [
                0.0,
                0.0,
                0.0,
                1.0
            ]
        ],
        [
            [
                0.0,
                0.800000011920929,
                0.6000000238418579,
                0.0
            ],
            [
                1.0,
                0.0,
                -0.0,
                1.1220899820327759
            ],
            [
                -0.0,
                0.6000000238418579,
                -0.800000011920929,
                -0.0
            ],
            [
                0.0,
                0.0,
                0.0,
                1.0
            ]
        ],
        [
            [
                -0.0,
                0.9899500012397766,
                -0.14142000675201416,
                0.0
            ],
            [
                1.0,
                -0.0,
                -0.0,
                1.1220899820327759
            ],
            [
                -0.0,
                -0.14142000675201416,
                -0.9899500012397766,
                -0.0
            ],
            [
                0.0,
                0.0,
                0.0,
                1.0
            ]
        ],
        [
            [
                0.0,
                0.6000000238418579,
                -0.800000011920929,
                0.0
            ],
            [
                1.0,
                -0.0,
                -0.0,
                1.1220899820327759
            ],
            [
                -0.0,
                -0.800000011920929,
                -0.6000000238418579,
                -0.0
            ],
            [
                0.0,
                0.0,
                0.0,
                1.0
            ]
        ],
        [
            [
                -0.0,
                -0.14142000675201416,
                -0.9899500012397766,
                0.0
            ],
            [
                1.0,
                -0.0,
                -0.0,
                1.1220899820327759
            ],
            [
                -0.0,
                -0.9899500012397766,
                0.14142000675201416,
                -0.0
            ],
            [
                0.0,
                0.0,
                0.0,
                1.0
            ]
        ],
        [
            [
                0.0,
                -0.800000011920929,
                -0.6000000238418579,
                0.0
            ],
            [
                1.0,
                -0.0,
                0.0,
                1.1220899820327759
            ],
            [
                -0.0,
                -0.6000000238418579,
                0.800000011920929,
                -0.0
            ],
            [
                0.0,
                0.0,
                0.0,
                1.0
            ]
        ],
        [
            [
                1.0,
                0.0,
                0.0,
                0.0
            ],
            [
                0.0,
                1.0,
                -0.0,
                1.485450029373169
            ],
            [
                0.0,
                0.0,
                1.0,
                -0.0
            ],
            [
                0.0,
                0.0,
                0.0,
                1.0
            ]
        ],
        [
            [
                0.7071099877357483,
                0.0,
                0.7071099877357483,
                0.0
            ],
            [
                0.0,
                1.0,
                0.0,
                1.485450029373169
            ],
            [
                -0.7071099877357483,
                0.0,
                0.7071099877357483,
                -0.0
            ],
            [
                0.0,
                0.0,
                0.0,
                1.0
            ]
        ],
        [
            [
                -0.0,
                0.0,
                1.0,
                0.0
            ],
            [
                0.0,
                1.0,
                -0.0,
                1.485450029373169
            ],
            [
                -1.0,
                0.0,
                0.0,
                -0.0
            ],
            [
                0.0,
                0.0,
                0.0,
                1.0
            ]
        ],
        [
            [
                -0.7071099877357483,
                0.0,
                0.7071099877357483,
                0.0
            ],
            [
                0.0,
                1.0,
                0.0,
                1.485450029373169
            ],
            [
                -0.7071099877357483,
                0.0,
                -0.7071099877357483,
                -0.0
            ],
            [
                0.0,
                0.0,
                0.0,
                1.0
            ]
        ],
        [
            [
                -1.0,
                -0.0,
                0.0,
                0.0
            ],
            [
                -0.0,
                1.0,
                0.0,
                1.485450029373169
            ],
            [
                -0.0,
                0.0,
                -1.0,
                -0.0
            ],
            [
                0.0,
                0.0,
                0.0,
                1.0
            ]
        ],
        [
            [
                -0.7071099877357483,
                0.0,
                -0.7071099877357483,
                0.0
            ],
            [
                -0.0,
                1.0,
                0.0,
                1.485450029373169
            ],
            [
                0.7071099877357483,
                0.0,
                -0.7071099877357483,
                -0.0
            ],
            [
                0.0,
                0.0,
                0.0,
                1.0
            ]
        ],
        [
            [
                -0.0,
                0.0,
                -1.0,
                0.0
            ],
            [
                0.0,
                1.0,
                -0.0,
                1.485450029373169
            ],
            [
                1.0,
                0.0,
                0.0,
                -0.0
            ],
            [
                0.0,
                0.0,
                0.0,
                1.0
            ]
        ],
        [
            [
                0.7071099877357483,
                0.0,
                -0.7071099877357483,
                0.0
            ],
            [
                -0.0,
                1.0,
                0.0,
                1.485450029373169
            ],
            [
                0.7071099877357483,
                0.0,
                0.7071099877357483,
                -0.0
            ],
            [
                0.0,
                0.0,
                0.0,
                1.0
            ]
        ]
    ],
    "functional_matrix": [],
    "orientation_point": [],
    "contact_points_group": [
        [
            0,
            1,
            2,
            3,
            4,
            5,
            6,
            7
        ],
        [
            8,
            9,
            10,
            11,
            12,
            13,
            14,
            15
        ]
    ],
    "contact_points_mask": [
        true,
        true
    ],
    "target_point_discription": [],
    "contact_points_discription": [],
    "functional_point_discription": [],
    "orientation_point_discription": [],
    "stable": true
}