{
    "center": [
        0.00018192271384827042,
        0.9503402075556802,
        0.0007107387615731208
    ],
    "extents": [
        1.6692625645298806,
        1.9366221009679432,
        1.6694080197736971
    ],
    "scale": [
        0.06,
        0.06,
        0.06
    ],
    "transform_matrix": [
        [
            1.0,
            0.0,
            0.0,
            0.0
        ],
        [
            0.0,
            1.0,
            0.0,
            0.0
        ],
        [
            0.0,
            0.0,
            1.0,
            0.0
        ],
        [
            0.0,
            0.0,
            0.0,
            1.0
        ]
    ],
    "target_pose": [],
    "contact_points_pose": [
        [
            [
                -0.0,
                -0.9899500012397766,
                0.14142000675201416,
                0.0
            ],
            [
                1.0,
                0.0,
                -0.0,
                0.8342700004577637
            ],
            [
                -0.0,
                0.14142000675201416,
                0.9899500012397766,
                -0.0
            ],
            [
                0.0,
                0.0,
                0.0,
                1.0
            ]
        ],
        [
            [
                0.0,
                -0.6000000238418579,
                0.800000011920929,
                0.0
            ],
            [
                1.0,
                0.0,
                0.0,
                0.8342700004577637
            ],
            [
                -0.0,
                0.800000011920929,
                0.6000000238418579,
                -0.0
            ],
            [
                0.0,
                0.0,
                0.0,
                1.0
            ]
        ],
        [
            [
                -0.0,
                0.14142000675201416,
                0.9899500012397766,
                0.0
            ],
            [
                1.0,
                0.0,
                -0.0,
                0.8342700004577637
            ],
            [
                -0.0,
                0.9899500012397766,
                -0.14142000675201416,
                -0.0
            ],
            [
                0.0,
                0.0,
                0.0,
                1.0
            ]
        ],
        [
            [
                0.0,
                0.800000011920929,
                0.6000000238418579,
                0.0
            ],
            [
                1.0,
                0.0,
                -0.0,
                0.8342700004577637
            ],
            [
                -0.0,
                0.6000000238418579,
                -0.800000011920929,
                -0.0
            ],
            [
                0.0,
                0.0,
                0.0,
                1.0
            ]
        ],
        [
            [
                -0.0,
                0.9899500012397766,
                -0.14142000675201416,
                0.0
            ],
            [
                1.0,
                -0.0,
                -0.0,
                0.8342700004577637
            ],
            [
                -0.0,
                -0.14142000675201416,
                -0.9899500012397766,
                -0.0
            ],
            [
                0.0,
                0.0,
                0.0,
                1.0
            ]
        ],
        [
            [
                0.0,
                0.6000000238418579,
                -0.800000011920929,
                0.0
            ],
            [
                1.0,
                -0.0,
                -0.0,
                0.8342700004577637
            ],
            [
                -0.0,
                -0.800000011920929,
                -0.6000000238418579,
                -0.0
            ],
            [
                0.0,
                0.0,
                0.0,
                1.0
            ]
        ],
        [
            [
                -0.0,
                -0.14142000675201416,
                -0.9899500012397766,
                0.0
            ],
            [
                1.0,
                -0.0,
                -0.0,
                0.8342700004577637
            ],
            [
                -0.0,
                -0.9899500012397766,
                0.14142000675201416,
                -0.0
            ],
            [
                0.0,
                0.0,
                0.0,
                1.0
            ]
        ],
        [
            [
                0.0,
                -0.800000011920929,
                -0.6000000238418579,
                0.0
            ],
            [
                1.0,
                -0.0,
                0.0,
                0.8342700004577637
            ],
            [
                -0.0,
                -0.6000000238418579,
                0.800000011920929,
                -0.0
            ],
            [
                0.0,
                0.0,
                0.0,
                1.0
            ]
        ],
        [
            [
                1.0,
                0.0,
                0.0,
                0.0
            ],
            [
                0.0,
                1.0,
                -0.0,
                1.4724700450897217
            ],
            [
                0.0,
                0.0,
                1.0,
                -0.0
            ],
            [
                0.0,
                0.0,
                0.0,
                1.0
            ]
        ],
        [
            [
                0.7071099877357483,
                0.0,
                0.7071099877357483,
                0.0
            ],
            [
                -0.0,
                1.0,
                -0.0,
                1.4724700450897217
            ],
            [
                -0.7071099877357483,
                0.0,
                0.7071099877357483,
                -0.0
            ],
            [
                0.0,
                0.0,
                0.0,
                1.0
            ]
        ],
        [
            [
                -0.0,
                0.0,
                1.0,
                0.0
            ],
            [
                -0.0,
                1.0,
                -0.0,
                1.4724700450897217
            ],
            [
                -1.0,
                0.0,
                0.0,
                -0.0
            ],
            [
                0.0,
                0.0,
                0.0,
                1.0
            ]
        ],
        [
            [
                -0.7071099877357483,
                0.0,
                0.7071099877357483,
                0.0
            ],
            [
                -0.0,
                1.0,
                -0.0,
                1.4724700450897217
            ],
            [
                -0.7071099877357483,
                0.0,
                -0.7071099877357483,
                -0.0
            ],
            [
                0.0,
                0.0,
                0.0,
                1.0
            ]
        ],
        [
            [
                -1.0,
                0.0,
                0.0,
                0.0
            ],
            [
                0.0,
                1.0,
                -0.0,
                1.4724700450897217
            ],
            [
                0.0,
                -0.0,
                -1.0,
                -0.0
            ],
            [
                0.0,
                0.0,
                0.0,
                1.0
            ]
        ],
        [
            [
                -0.7071099877357483,
                -0.0,
                -0.7071099877357483,
                0.0
            ],
            [
                0.0,
                1.0,
                -0.0,
                1.4724700450897217
            ],
            [
                0.7071099877357483,
                0.0,
                -0.7071099877357483,
                -0.0
            ],
            [
                0.0,
                0.0,
                0.0,
                1.0
            ]
        ],
        [
            [
                -0.0,
                -0.0,
                -1.0,
                0.0
            ],
            [
                0.0,
                1.0,
                -0.0,
                1.4724700450897217
            ],
            [
                1.0,
                0.0,
                0.0,
                -0.0
            ],
            [
                0.0,
                0.0,
                0.0,
                1.0
            ]
        ],
        [
            [
                0.7071099877357483,
                -0.0,
                -0.7071099877357483,
                0.0
            ],
            [
                0.0,
                1.0,
                -0.0,
                1.4724700450897217
            ],
            [
                0.7071099877357483,
                0.0,
                0.7071099877357483,
                -0.0
            ],
            [
                0.0,
                0.0,
                0.0,
                1.0
            ]
        ]
    ],
    "functional_matrix": [],
    "orientation_point": [],
    "contact_points_group": [
        [
            0,
            1,
            2,
            3,
            4,
            5,
            6,
            7
        ],
        [
            8,
            9,
            10,
            11,
            12,
            13,
            14,
            15
        ]
    ],
    "contact_points_mask": [
        true,
        true
    ],
    "target_point_discription": [],
    "contact_points_discription": [],
    "functional_point_discription": [],
    "orientation_point_discription": [],
    "stable": true
}