{
    "center": [
        0.0005536832278384741,
        0.9508496591692501,
        0.0009055361112435751
    ],
    "extents": [
        1.5067202042278705,
        1.9362184108892744,
        1.5076532771620954
    ],
    "scale": [
        0.06,
        0.06,
        0.06
    ],
    "transform_matrix": [
        [
            1.0,
            0.0,
            0.0,
            0.0
        ],
        [
            0.0,
            1.0,
            0.0,
            0.0
        ],
        [
            0.0,
            0.0,
            1.0,
            0.0
        ],
        [
            0.0,
            0.0,
            0.0,
            1.0
        ]
    ],
    "target_pose": [],
    "contact_points_pose": [
        [
            [
                -0.0,
                -0.0,
                -1.0,
                0.0
            ],
            [
                1.0,
                -0.0,
                -0.0,
                1.1220899820327759
            ],
            [
                -0.0,
                -1.0,
                0.0,
                -0.0
            ],
            [
                0.0,
                0.0,
                0.0,
                1.0
            ]
        ],
        [
            [
                0.0,
                -0.6000000238418579,
                0.800000011920929,
                0.0
            ],
            [
                1.0,
                0.0,
                0.0,
                1.1220899820327759
            ],
            [
                -0.0,
                0.800000011920929,
                0.6000000238418579,
                -0.0
            ],
            [
                0.0,
                0.0,
                0.0,
                1.0
            ]
        ],
        [
            [
                -0.0,
                0.14142000675201416,
                0.9899500012397766,
                0.0
            ],
            [
                1.0,
                0.0,
                -0.0,
                1.1220899820327759
            ],
            [
                -0.0,
                0.9899500012397766,
                -0.14142000675201416,
                -0.0
            ],
            [
                0.0,
                0.0,
                0.0,
                1.0
            ]
        ],
        [
            [
                0.0,
                0.800000011920929,
                0.6000000238418579,
                0.0
            ],
            [
                1.0,
                0.0,
                -0.0,
                1.1220899820327759
            ],
            [
                -0.0,
                0.6000000238418579,
                -0.800000011920929,
                -0.0
            ],
            [
                0.0,
                0.0,
                0.0,
                1.0
            ]
        ],
        [
            [
                -0.0,
                0.9899500012397766,
                -0.14142000675201416,
                0.0
            ],
            [
                1.0,
                -0.0,
                -0.0,
                1.1220899820327759
            ],
            [
                -0.0,
                -0.14142000675201416,
                -0.9899500012397766,
                -0.0
            ],
            [
                0.0,
                0.0,
                0.0,
                1.0
            ]
        ],
        [
            [
                0.0,
                0.6000000238418579,
                -0.800000011920929,
                0.0
            ],
            [
                1.0,
                -0.0,
                -0.0,
                1.1220899820327759
            ],
            [
                -0.0,
                -0.800000011920929,
                -0.6000000238418579,
                -0.0
            ],
            [
                0.0,
                0.0,
                0.0,
                1.0
            ]
        ],
        [
            [
                -0.0,
                -0.14142000675201416,
                -0.9899500012397766,
                0.0
            ],
            [
                1.0,
                -0.0,
                -0.0,
                1.1220899820327759
            ],
            [
                -0.0,
                -0.9899500012397766,
                0.14142000675201416,
                -0.0
            ],
            [
                0.0,
                0.0,
                0.0,
                1.0
            ]
        ],
        [
            [
                0.0,
                -0.800000011920929,
                -0.6000000238418579,
                0.0
            ],
            [
                1.0,
                -0.0,
                0.0,
                1.1220899820327759
            ],
            [
                -0.0,
                -0.6000000238418579,
                0.800000011920929,
                -0.0
            ],
            [
                0.0,
                0.0,
                0.0,
                1.0
            ]
        ],
        [
            [
                1.0,
                0.0,
                0.0,
                0.0
            ],
            [
                0.0,
                1.0,
                -0.0,
                1.4815900325775146
            ],
            [
                0.0,
                0.0,
                1.0,
                -0.0
            ],
            [
                0.0,
                0.0,
                0.0,
                1.0
            ]
        ],
        [
            [
                0.7071099877357483,
                0.0,
                0.7071099877357483,
                0.0
            ],
            [
                0.0,
                1.0,
                0.0,
                1.4815900325775146
            ],
            [
                -0.7071099877357483,
                0.0,
                0.7071099877357483,
                -0.0
            ],
            [
                0.0,
                0.0,
                0.0,
                1.0
            ]
        ],
        [
            [
                -0.0,
                0.0,
                1.0,
                0.0
            ],
            [
                0.0,
                1.0,
                -0.0,
                1.4815900325775146
            ],
            [
                -1.0,
                0.0,
                0.0,
                -0.0
            ],
            [
                0.0,
                0.0,
                0.0,
                1.0
            ]
        ],
        [
            [
                -0.7071099877357483,
                0.0,
                0.7071099877357483,
                0.0
            ],
            [
                0.0,
                1.0,
                0.0,
                1.4815900325775146
            ],
            [
                -0.7071099877357483,
                0.0,
                -0.7071099877357483,
                -0.0
            ],
            [
                0.0,
                0.0,
                0.0,
                1.0
            ]
        ],
        [
            [
                -1.0,
                -0.0,
                0.0,
                0.0
            ],
            [
                -0.0,
                1.0,
                0.0,
                1.4815900325775146
            ],
            [
                -0.0,
                0.0,
                -1.0,
                -0.0
            ],
            [
                0.0,
                0.0,
                0.0,
                1.0
            ]
        ],
        [
            [
                -0.7071099877357483,
                0.0,
                -0.7071099877357483,
                0.0
            ],
            [
                -0.0,
                1.0,
                0.0,
                1.4815900325775146
            ],
            [
                0.7071099877357483,
                0.0,
                -0.7071099877357483,
                -0.0
            ],
            [
                0.0,
                0.0,
                0.0,
                1.0
            ]
        ],
        [
            [
                -0.0,
                0.0,
                -1.0,
                0.0
            ],
            [
                0.0,
                1.0,
                -0.0,
                1.4815900325775146
            ],
            [
                1.0,
                0.0,
                0.0,
                -0.0
            ],
            [
                0.0,
                0.0,
                0.0,
                1.0
            ]
        ],
        [
            [
                0.7071099877357483,
                0.0,
                -0.7071099877357483,
                0.0
            ],
            [
                -0.0,
                1.0,
                0.0,
                1.4815900325775146
            ],
            [
                0.7071099877357483,
                0.0,
                0.7071099877357483,
                -0.0
            ],
            [
                0.0,
                0.0,
                0.0,
                1.0
            ]
        ]
    ],
    "functional_matrix": [],
    "orientation_point": [],
    "contact_points_group": [
        [
            0,
            1,
            2,
            3,
            4,
            5,
            6,
            7
        ],
        [
            8,
            9,
            10,
            11,
            12,
            13,
            14,
            15
        ]
    ],
    "contact_points_mask": [
        true,
        true
    ],
    "target_point_discription": [],
    "contact_points_discription": [],
    "functional_point_discription": [],
    "orientation_point_discription": [],
    "stable": true
}